"Run Time"	"F_7037AV"	"Av_Si_288"	"Av_SiF_440"	"Av_SIF_777"
0.10	35.25	24.5	44.6	28.2
0.20	39.25	34.75	45.8	30.8
0.30	42.75	33.75	45.4	29.6
0.40	40.25	40.25	46.8	33
0.50	48.25	36.75	51	39.4
0.60	40	34.5	46.8	31.2
0.70	46.25	36	48.8	32.2
0.80	38.5	29.5	47.6	30.2
0.90	44.75	40.25	47.4	31.8
1.00	52.75	43.25	50.6	38.8
1.10	49	39.25	49.8	33.4
1.20	45.5	30.75	55.2	36
1.30	41.25	31.75	50.4	34
1.40	52.75	40	56.8	39.2
1.50	39	33.25	45.4	30
1.60	53.75	41.75	53.8	41.4
1.70	40.5	30.25	47.8	33.6
1.80	37.25	30.75	44.4	28.2
1.90	50.25	37.5	52.8	39.2
2.00	44.5	39.5	48.4	35
2.10	45.75	28.75	45	31
2.20	51.25	44.25	53.4	40.2
2.30	47.25	33	50.2	38
2.40	55.25	46	54.4	42.2
2.50	51.5	36	51.2	41
2.60	43.75	35.5	46.8	35
2.70	48	30.75	55.6	37.2
2.80	46.75	38	46.6	37
2.90	44.75	33.25	53.8	35.2
3.00	51	41	49.4	36.8
3.10	43.25	36	45.2	32.4
3.20	47	42.75	51	33.8
3.30	35	28.5	42.8	27.6
3.40	34.75	33	47	31
3.50	44	34.25	52.4	39.6
3.60	46.5	34.5	53.4	35.2
3.70	42.75	40	47.8	34.6
3.80	40.25	38	45.6	28.8
3.90	46.25	31.5	52.4	38.2
4.00	34	27.75	40	21.2
4.10	37	29.75	50.2	28.6
4.20	41.75	29.25	48.6	32.6
4.30	43.25	39	50.6	38.6
4.40	45.25	39	47.4	35.6
4.50	52	41.5	54.2	35.6
4.60	44.5	36.25	51.4	35.8
4.70	31.75	31.25	40.8	26
4.80	45.75	36.75	52	40
4.90	40.75	38	48.2	29.8
5.00	44.5	36.25	47.6	34.4
5.10	41	37.25	46.6	33.6
5.20	37.25	30.5	49.2	31.2
5.30	56.25	31.75	61.4	42
5.40	41.75	30.25	47.4	29.4
5.50	47.5	34	49.4	36.4
5.60	42.5	37	48.4	32.4
5.70	52.25	45.5	54.6	45.2
5.80	46.75	38	50.8	34.8
5.90	57.75	42.75	58	46.6
6.00	36.75	31.75	44	30.6
6.10	44	35.75	49.8	35.4
6.20	43	36.75	52.4	32
6.30	55.5	44.5	54.8	43.8
6.40	42	32.5	48	29.4
6.50	45.75	37.5	48.2	36.8
6.60	48.5	38.25	48	34
6.70	33.75	31.5	39.6	27
6.80	37.5	25.75	51.6	29.2
6.90	47.25	39.25	47.4	36.4
7.00	48.5	44.75	50.8	36.6
7.10	48.75	40	47	36
7.20	43.25	36.75	50.8	34
7.30	52.5	37.5	58.4	40.8
7.40	36.25	31.25	46.6	28.8
7.50	36.25	27.25	44.6	26.4
7.60	41	35	46.6	34.2
7.70	50	43.75	55	38.2
7.80	49.25	34.75	52.4	40.4
7.90	52.75	37.5	64.8	44.8
8.00	33.25	25.5	37.6	24.6
8.10	38	39.25	50.2	33.2
8.20	43.5	38	48.8	33.8
8.30	36.75	36.25	45.6	29.8
8.40	42.75	31.25	45.6	31.6
8.50	45	33.5	51	37.2
8.60	50.75	45	54	39.6
8.70	42.5	32	46.2	31.6
8.80	50.25	43	52.8	36.4
8.90	45.75	35.75	48.6	36.6
9.00	45.75	34.75	51.6	35.4
9.10	43	29.25	53.4	31.4
9.20	47	42.5	49.2	36.6
9.30	53.5	45.5	55.8	42.6
9.40	47	39	50.4	38.2
9.50	49.75	39.25	51.6	35.2
9.60	37	32.25	44.8	27.2
9.70	47.25	35.75	55.2	37.6
9.80	50.25	37.25	48.6	39.2
9.90	47.75	37.25	53.6	37.6
10.00	56.75	42	57.4	43.4
10.10	37.5	32	44	28.4
10.20	42.75	34.5	47.8	31.8
10.30	39.75	31.25	45.8	30.6
10.40	52.25	40.75	53.6	37.4
10.50	48	35	52	35.8
10.60	42	38.75	47	34.4
10.70	51	37.75	57.4	46
10.80	46.5	34.75	50.6	32.8
10.90	44.25	36.5	46.8	33.2
11.00	47	33.75	46.8	34.6
11.10	38.75	30	42.4	32.4
11.20	44	36.5	50	34
11.30	46	34.25	51.2	35.6
11.40	55.25	44.25	54.2	41
11.50	41.5	28.75	54.2	34.8
11.60	49.5	37.25	53.6	38.2
11.70	43.25	38.25	48.2	34.2
11.80	48.75	43.75	53	37.8
11.90	42.5	36	45	35.8
12.00	37.75	28.75	46.4	29.2
12.10	46.5	37.75	47	32.6
12.20	54.75	44.75	57	43
12.30	59	48.25	57.2	44.2
12.40	47	35.5	52.6	36.4
12.50	45	38.25	52.8	35.2
12.60	56.25	39.5	55.2	44.4
12.70	54	49.25	57.8	44
12.80	40	25.5	38	28.2
12.90	49.5	38.25	57	36.4
13.00	37.5	29.25	39.8	24.6
13.10	33.25	30.5	42.4	25.8
13.20	42.5	29.5	49	29.6
13.30	39.5	38.25	49.8	30
13.40	47.25	38.75	49.6	32
13.50	36.25	31.75	43.4	28
13.60	46.75	46.5	50.6	39.4
13.70	36	26.75	44	25.6
13.80	35.75	34	45	30.4
13.90	42.75	26.25	45.2	29.4
14.00	35.25	30	47.4	28.4
14.10	42.5	30	49.2	29.4
14.20	42	40.25	44.8	33
14.30	49.75	42.25	54.6	39.2
14.40	42	30.75	47.8	32.4
14.50	46.5	35.5	50.8	35.8
14.60	46	32.5	42.6	33.4
14.70	42.25	34.75	49.6	33.6
14.80	44	34.5	50	34.8
14.90	52.25	44.5	53.4	43
15.00	45.5	35.75	54.4	34.4
15.10	59.5	41.5	59.2	46.6
15.20	35.75	34.25	48.6	28.6
15.30	46.75	35.5	54.8	37.4
15.40	50.75	41	52.8	36.4
15.50	40	28.75	41	30.4
15.60	37.25	26.75	44.4	28.4
15.70	41.75	33.5	52.6	33.4
15.80	43.75	33.5	49.4	35
15.90	39	28.5	48.4	28.6
16.00	36.75	31.5	41	30.2
16.10	45.25	34.25	53.8	36.8
16.20	49.25	39	54.2	39
16.30	48.75	36.25	53.8	38.2
16.40	54.25	38.25	52.2	42.4
16.50	43	37	49.6	34.2
16.60	41.25	35.5	46.4	28.8
16.70	49.25	33	60.4	43.6
16.80	45.75	37.75	48.4	33.6
16.90	39	25.25	46.2	31.2
17.00	51.75	47	56.4	39.4
17.10	37.75	24.5	45.6	29.6
17.20	41.75	33.25	44.4	31.8
17.30	48.75	33.75	50.8	37.2
17.40	41.75	33.5	49.2	32.4
17.50	48.5	37	46.6	30.8
17.60	37	28	44.4	31.4
17.70	53	42.25	55.2	40.4
17.80	40.25	31.25	46	31.6
17.90	40	32.5	51.6	29.6
18.00	57.25	46	55.6	43
18.10	46.5	44.25	54.2	43.6
18.20	50.75	39.75	54.8	37.4
18.30	42.75	35.5	50.8	37
18.40	52.75	41.75	52	39
18.50	52.5	44	52.4	42.4
18.60	44	40	53.6	37
18.70	43.5	36.75	43.4	30.2
18.80	43.5	34.75	54.2	35.6
18.90	43.25	31.5	46.4	32.8
19.00	53.25	43.5	56.6	39.6
19.10	41.25	34	44.4	31.4
19.20	38.75	32	41	28.8
19.30	35.5	31.75	45	31.2
19.40	40.25	30.25	48.2	30.6
19.50	42.75	28.75	47.4	31.2
19.60	43.5	29.25	50	33.2
19.70	50.5	41.75	53.6	39
19.80	41.25	32	47.6	35.2
19.90	42.25	30.5	42.4	28.6
20.00	47	37.5	50.2	36.8
20.10	41.5	33	44.2	33.2
20.20	41.5	32.5	47.6	31
20.30	43	31.25	51	34.2
20.40	44.5	37	48.2	32.6
20.50	55.75	45.25	57.6	44.8
20.60	40.75	31	43.8	30.4
20.70	41.75	33.25	49.4	31.8
20.80	49.75	38.25	50.4	37.6
20.90	46	39	52.8	37.2
21.00	35.25	32.75	40	32
21.10	28	31.5	26.2	26.8
21.20	23.5	25.75	27	27.2
21.30	24.75	29.25	24.8	26.6
21.40	38.5	40	36.4	40
21.50	37	39.75	32.4	34.8
21.60	38.75	43	35.2	35.4
21.70	34.25	32.75	32.4	36.4
21.80	31.75	33.75	31.4	31.8
21.90	25.75	26.25	30.6	27.6
22.00	30.75	32	33.4	32.8
22.10	34.75	36.5	33.4	34.8
22.20	29.5	36.25	30	30.8
22.30	31	35.25	27.6	31
22.40	29.5	35.25	27.6	28.6
22.50	33.25	35.25	31.6	33.2
22.60	35.25	40	30.8	34.8
22.70	30.5	35.25	32	30.2
22.80	30.5	37	27.4	31.4
22.90	31.5	38.25	32.8	30.8
23.00	35.5	30.5	35.2	35.8
23.10	26	36.25	24.6	27.6
23.20	38.25	40	35.4	35.2
23.30	24	28.5	25.8	27.6
23.40	25	34	28.2	28.2
23.50	25	31.5	26.2	26.6
23.60	27	30	30.6	31.4
23.70	27.5	29	22	26.6
23.80	25.5	30.25	29	28.4
23.90	27.5	32.75	30	32.6
24.00	40.5	46.75	39	39
24.10	34.5	34.25	32.8	29.2
24.20	21	29.75	22.2	23.8
24.30	24	29.5	27.4	23.4
24.40	30.75	33	33	36.8
24.50	21	27.5	24.2	19
24.60	27.75	28.5	31	29.8
24.70	21	32.5	23	26
24.80	40.25	41.5	39.2	37
24.90	30.5	33.25	28.6	30.2
25.00	22.5	26	25.6	23.4
25.10	25.75	32	25.4	28.2
25.20	24.75	34.5	27.4	26
25.30	31.75	39.5	29	29.8
25.40	29	37.5	29.6	29.8
25.50	28.25	34.75	28	31.8
25.60	29.5	40.25	32	31.8
25.70	33.25	33.75	35.4	31.8
25.80	28.5	33.75	26.8	31.2
25.90	22.5	36.75	25.4	29.6
26.00	34.5	42	29	33.6
26.10	30.25	30.25	35	33.8
26.20	29	33	24.6	27.4
26.30	25.25	34	30.4	27.8
26.40	31.75	35.25	28	30.2
26.50	29.25	39	31.2	31.2
26.60	24.25	28	26	23.6
26.70	28	30.75	23.6	27.6
26.80	43.25	47.25	41	44.2
26.90	34.5	28.5	39	35.4
27.00	34.5	41	37.2	34.8
27.10	33.25	30.25	37	33.2
27.20	39.5	41	39.8	40.6
27.30	35	36	34.4	36
27.40	32.25	42	30.8	34.6
27.50	37.75	36.25	38.4	39.8
27.60	31.75	37.75	33.4	33.6
27.70	28.25	35	29	30.8
27.80	28.75	35.25	25.2	30.8
27.90	30.25	37.25	31.8	30.6
28.00	26.25	33.5	24.2	25.8
28.10	24.5	30.5	26.8	27
28.20	38.25	34.75	37	32
28.30	29.5	35.5	27.4	30
28.40	29	32.5	34.4	33.4
28.50	30	38.75	26.4	32
28.60	22.25	28.75	27.8	24
28.70	28.5	31.75	29	29.2
28.80	30.25	42.5	34.8	36
28.90	31	41.25	30.4	32.6
29.00	29	33	31.6	29.8
29.10	29.75	31.5	28.4	27.2
29.20	23.5	29	21.2	26.8
29.30	36.25	36.5	39.4	37.4
29.40	31.75	35.25	32.4	31.4
29.50	29.5	35.75	31	32.8
29.60	35	37	31.4	30.2
29.70	34.75	41.5	31.6	36.4
29.80	31.25	32.75	32.8	31.2
29.90	30.5	31.5	31	31.4
30.00	35.25	36.5	36.8	36.6
30.10	23.25	28.5	23.6	25.6
30.20	27	34.5	32.6	28.4
30.30	30.25	31	22	27.2
30.40	29.5	41.5	30.2	33.8
30.50	21.75	27	27	24.4
30.60	24.5	29.5	21.8	26.4
30.70	36.5	34	38	33.8
30.80	29.25	34.5	25.4	28.2
30.90	32.5	36.25	33	34
31.00	30	35	28.4	30.8
31.10	36.75	39.5	31.4	32.2
31.20	28	33.25	25.2	30.2
31.30	34.25	41.25	34	35.6
31.40	39.25	40	34.6	40
31.50	28	28	27.2	29.8
31.60	33.25	34	31	32.6
31.70	24	29.75	25.4	25.6
31.80	35.25	36.75	33.4	30.2
31.90	24.25	27.75	28.6	28.4
32.00	25.75	26.75	28	26.2
32.10	32	37.75	34.2	35.2
32.20	30.25	31.25	32.8	30.8
32.30	27.5	36.25	28	26.8
32.40	26.75	34.75	28	30.6
32.50	41.75	37.75	43.4	40
32.60	24.75	34.25	24.6	25.6
32.70	32	32.5	38.6	27.2
32.80	32	29.75	29.2	34.6
32.90	32.25	40.75	31	33.8
33.00	30.75	38.25	30.6	31.4
33.10	26	32.75	28.8	25.8
33.20	29.5	25.75	30.6	30.6
33.30	28.5	31	31.4	32.4
33.40	24.25	34.5	27.6	26.6
33.50	39	44.5	34.4	36
33.60	32.25	41.75	33.2	31.8
33.70	34.25	35.25	34.2	36.4
33.80	36	34.75	39.4	35
33.90	29.5	33.75	31.6	30.2
34.00	27	33.75	28.6	28.6
34.10	34.5	38	34.4	33.6
34.20	24.25	33.75	24.6	26
34.30	37.75	38.5	37.2	39.4
34.40	30	33	32.8	30
34.50	30.75	41.25	31.2	32.8
34.60	23.5	30.25	25.2	29.2
34.70	24.5	28.5	27.2	25.4
34.80	20.75	29.25	22	21.6
34.90	29	39.75	26.6	31.6
35.00	20.5	27.75	25.8	25.4
35.10	24.5	26.75	28.2	24.6
35.20	28.75	36.25	30.6	28.8
35.30	29.5	26.5	26.8	31
35.40	24.75	29.25	29.4	26.2
35.50	44	45.5	37	42.2
35.60	27	33	28.4	28.2
35.70	28.75	35.25	30	32
35.80	30.25	35.5	29	29.8
35.90	28	33	31.8	27.2
36.00	31.5	38.25	32	31.4
36.10	27.75	31.25	29.6	24.4
36.20	29	34.75	26.2	29.8
36.30	25.25	24	32.6	29
36.40	27	35	28	28.4
36.50	22.25	28.5	21.4	22.8
36.60	24.25	25.75	28.4	23.8
36.70	27.5	36	25.8	29.4
36.80	27	29.25	27.8	24.4
36.90	27.5	28.5	26.2	27.2
37.00	26.5	30.5	28.2	29
37.10	22.25	24.75	26	23
37.20	40	40.25	37.2	38
37.30	25	28.5	27.6	27.2
37.40	26	29.75	26.8	28.8
37.50	37.25	41.25	34.6	38.2
37.60	32.75	38.5	33	36.2
37.70	31.25	35.75	28.6	28.6
37.80	42.25	40.75	35.8	39.6
37.90	41.5	42.5	35.8	41.6
38.00	39.25	35.25	36.6	36
38.10	26.5	30.25	34.8	30.6
38.20	32.75	30.75	29.4	30
38.30	30.75	36.25	29.2	35
38.40	49	49.5	40.6	44.6
38.50	34.75	37.5	31	34.4
38.60	29.25	28.5	37	31.4
38.70	33	32.5	29.2	29.2
38.80	35	37.5	32.8	34.6
38.90	38	40	34.6	35.2
39.00	32.25	34.75	23.6	34.8
39.10	29.75	35.5	35.4	31.8
39.20	33.5	39.25	31	34
39.30	42.75	44.75	36.2	37.8
39.40	34.75	35	31.6	31.6
39.50	31.75	38.5	31.4	32.6
39.60	36	33.5	38.4	38.8
39.70	29.25	37.75	31	32.8
39.80	31.5	27.75	34.4	30
39.90	31.5	34.5	30	32.2
40.00	32.75	41.75	35.6	37.8
40.10	37	41.75	33	33.4
40.20	24	27.75	27.4	28.8
40.30	32.75	34.25	33.6	31
40.40	29.25	38.5	33	30
40.50	34	38.25	33.2	32.8
40.60	27.75	31.5	31.4	33.8
40.70	28.25	36.5	31.2	29.6
40.80	38.5	29.75	33.8	36.8
40.90	44	39.5	34.6	35.4
41.00	55.75	37.5	31.6	39.6
41.10	53.75	34.5	31.4	33.2
41.20	57.5	30.5	29	34.8
41.30	61.25	35.25	32.6	34.8
41.40	84.75	36.75	38.4	46
41.50	78.5	36.75	29.8	41.6
41.60	81.75	31.25	29	35.2
41.70	102.5	37.25	28.6	42.8
41.80	200	47.25	39.6	65
41.90	742.25	62.5	56.6	151.6
42.00	2147.5	229	110.6	393.2
42.10	3094.75	471.75	186.8	561
42.20	3414.75	550	204.6	601.6
42.30	3475.5	561.5	208.8	606
42.40	3415.75	535.5	200.2	590.2
42.50	3364.75	524.75	201.8	586.2
42.60	3331.25	532.25	209.6	588
42.70	3292.75	519.25	200.8	571.6
42.80	3272.75	508	197	570.2
42.90	3258	504	204.6	568.8
43.00	3228.5	502.75	197.6	562
43.10	3199.25	488	193.8	555.4
43.20	3181.25	490.75	195.8	554
43.30	3157.75	468.75	204	557.4
43.40	3146.25	470	196.8	545.6
43.50	3111.25	460	190.4	542.6
43.60	3100.25	470	193	542
43.70	3078	461	185.2	533.4
43.80	3055.25	442.5	183	528.2
43.90	3053.75	449	187.6	534
44.00	3031.25	442.5	182.2	522.6
44.10	3024.5	453.75	189.8	536
44.20	3008	440	183	523.8
44.30	3009.5	442.5	183.4	523.2
44.40	3013.75	437.25	196.8	533.6
44.50	2984.5	437.75	182.8	519.6
44.60	2991.5	435.5	183.8	519.2
44.70	2982.75	428.75	175	515
44.80	2997	434	187.2	525.6
44.90	3022.5	436.75	185	522.4
45.00	3025.75	444	187.2	524
45.10	3017.75	437	181.2	521.6
45.20	3026.25	443.75	194.6	528.4
45.30	3007	431	182.8	520.2
45.40	3008.75	438.5	187.6	522.2
45.50	2990.75	432.5	182.6	512.4
45.60	2989.75	427	180.4	517.6
45.70	2996.5	433.25	191.8	526.6
45.80	2990.25	424.5	196	527.2
45.90	2990	428	196.6	525
46.00	2966	420.75	178.2	516.8
46.10	2956.75	419.25	179.4	512.6
46.20	2966.5	421.5	184.2	516.8
46.30	2953	420.25	179.6	515
46.40	2957.75	424	186	517.6
46.50	2942.25	418.5	188	518
46.60	2929.25	402.5	188	505.6
46.70	2915.25	413.75	181.4	506.8
46.80	2913.75	401.75	179.8	504.8
46.90	2905.5	402.25	176.8	499.4
47.00	2900.75	398.75	184	506
47.10	2898.75	406.5	178.4	501.8
47.20	2884	401.5	175.4	500.6
47.30	2881.25	399.25	181.2	504.8
47.40	2875	397.75	175.4	497
47.50	2872	394	178.4	498.6
47.60	2859.5	393	170	492.8
47.70	2868.5	404.75	180.6	501.8
47.80	2852	387.25	174.4	494.8
47.90	2848	390.25	180.4	498
48.00	2850.25	395.25	184.2	500
48.10	2844.75	391.5	178	498.8
48.20	2844.25	398.25	180.2	496.2
48.30	2839.75	391.5	179.8	496.8
48.40	2828	378.5	173.6	490.4
48.50	2819.75	390.75	172.8	489.4
48.60	2813.75	393.75	178.2	493.4
48.70	2814.5	387.25	182.2	497.6
48.80	2797.5	382.25	173	488
48.90	2805.75	385	178.4	493.2
49.00	2784.5	378.75	171.2	480.6
49.10	2785.75	378.25	169.2	481.4
49.20	2783.25	374	179	489
49.30	2777.75	375.75	171.8	483.2
49.40	2770.25	379	169.8	479.4
49.50	2772	375.5	176.2	481.2
49.60	2762.25	371	174.8	477.4
49.70	2757	374.75	171.2	482.4
49.80	2756.25	363.75	175.6	478
49.90	2745.75	365.75	165.6	477
50.00	2743.5	364.75	169.8	476.8
50.10	2746	375.5	175.4	480.4
50.20	2733.5	364.75	172.4	476.6
50.30	2722.25	363.5	168.2	474.2
50.40	2716.75	363.75	168.6	467.6
50.50	2722.5	358.5	166.8	472.6
50.60	2722.25	363.75	173.6	480.2
50.70	2706.5	356	168.8	471.6
50.80	2704.5	362	176.4	475.8
50.90	2702.5	361.25	171.8	471.8
51.00	2694.5	365.75	169.8	468.8
51.10	2703	361.25	178.4	479.4
51.20	2688.5	355.25	176.2	468.8
51.30	2674.25	355	165.4	462.6
51.40	2677	360.75	171.6	470.4
51.50	2660.75	363	166.2	464
51.60	2673	363.75	175.4	465.6
51.70	2666.75	352.5	175.2	472.4
51.80	2658.75	355.5	171.4	468.6
51.90	2654	353.25	172.4	465.8
52.00	2647	354	171.2	465.6
52.10	2635.5	352.25	163.4	457
52.20	2637.5	348.25	169	463.4
52.30	2616	342.25	160.2	454.2
52.40	2610.75	347	163.4	455.6
52.50	2619.5	358.5	172	459.4
52.60	2594.75	338.75	164.8	453.6
52.70	2592.75	351.25	165	454.2
52.80	2595.25	339.25	168.6	455
52.90	2598.25	353.25	175.6	461.4
53.00	2592	341.5	166.6	452.8
53.10	2572.75	339.5	160.2	451.8
53.20	2571	341.5	161.4	450.4
53.30	2563.5	344.25	166.6	455
53.40	2546	337.75	161.2	438.6
53.50	2550.75	329.25	166.4	448.8
53.60	2539.25	341.5	166.4	449.6
53.70	2539.25	327.5	173	450.4
53.80	2527	336.25	162.2	438.8
53.90	2523	328	159.6	440.2
54.00	2509.25	330.25	161.4	437.6
54.10	2512	333.5	171.2	446.6
54.20	2495.5	324.25	161	430.8
54.30	2487.5	325	165	441
54.40	2487	336.25	166.8	441.4
54.50	2461.75	327	160	431.4
54.60	2461.75	329.5	161.6	435
54.70	2442.75	314	152	422.4
54.80	2446	325.75	160.8	430.8
54.90	2423.5	316	161.6	425.4
55.00	2417.25	316	158.6	423
55.10	2405	314.25	154.6	419.6
55.20	2401.75	313.75	166.4	426.6
55.30	2372.25	300.25	155.2	416.2
55.40	2376.75	315.5	157.8	420.2
55.50	2357.75	312	160	413.6
55.60	2347.5	302	150	408.6
55.70	2338.5	309.25	162.4	416.2
55.80	2325	306.25	157.6	416.2
55.90	2316	308.5	163.2	409.8
56.00	2286	292.5	147.2	399.8
56.10	2278.75	300.75	155	405.2
56.20	2252.25	292.25	156.4	398
56.30	2256.5	295.75	154.6	393.6
56.40	2219	279	147.6	384.4
56.50	2234	292.75	156	395.4
56.60	2202.25	293	161.2	397
56.70	2179	278.25	148	376.8
56.80	2172.75	285	160.4	388.8
56.90	2155.5	285.75	150.8	385.2
57.00	2122.25	278.5	148	376.8
57.10	2099.75	272	141.8	367.4
57.20	2088	269.5	147.2	365.8
57.30	2068.75	261.75	143.8	362.4
57.40	2043.5	261.75	145	363.8
57.50	2038.75	268.25	157.6	369
57.60	2015.25	261	149.6	357
57.70	2010.25	262.75	150.6	360.8
57.80	1983.25	265	144.8	357.2
57.90	1954	254.5	147.2	352.4
58.00	1937.5	254.25	145.4	343
58.10	1918.25	249.5	136.8	339.6
58.20	1902	250.5	142.8	341.4
58.30	1902	254.5	147.4	346.2
58.40	1872.75	241.25	150.4	340.4
58.50	1857.25	246.75	140	336.6
58.60	1828.75	242.5	145.8	332.8
58.70	1812.75	232	144.8	330.8
58.80	1804.25	240.25	138.6	322
58.90	1776.5	227.5	137.2	314.8
59.00	1771	241	139.8	321.8
59.10	1749.75	231.5	136	315.6
59.20	1732.75	234.5	137.4	312.8
59.30	1718.75	230.75	136.8	311.8
59.40	1705.75	231.5	136.2	306.2
59.50	1691.25	224.75	137.2	310
59.60	1673.75	225.25	135.8	312.6
59.70	1657.25	210	132.2	297.4
59.80	1654.5	218	131	296.2
59.90	1658.75	217	137	302.4
60.00	1643.75	219.25	141	303
60.10	1643	221	153.6	313
60.20	1632	218.25	132.8	289.2
60.30	1627.75	219	141.6	301.8
60.40	1611	216	134.8	291.2
60.50	1609	224.75	141.8	300.6
60.60	1602	218.75	141.4	294.4
60.70	1591.75	225.5	140.4	294
60.80	1582	215.5	146.4	300.4
60.90	1568	214.75	138.6	289.2
61.00	1561.25	213	134	288.8
61.10	1550.25	212.5	129	279.6
61.20	1536.5	208.25	128.2	277.4
61.30	1537.75	212.5	132.2	282.4
61.40	1533	212.75	135.2	278
61.50	1530.75	217.25	136.4	286
61.60	1521.75	208	140.4	281.6
61.70	1527.5	216	143.2	288.6
61.80	1505.75	210.5	132.4	276.2
61.90	1502.25	206.75	132	275.4
62.00	1498.5	206.75	136.2	283.2
62.10	1487.5	200.25	126.4	269.8
62.20	1492	213.5	138	276.2
62.30	1486.75	198.5	136	271.8
62.40	1491.5	214.5	131.4	272.8
62.50	1477.5	202.75	134	275.4
62.60	1468.25	204	134.6	275
62.70	1483	202.5	141.6	280.4
62.80	1466.5	195.75	126.4	266
62.90	1471.75	205	137	274.6
63.00	1468	204.25	136.8	275.4
63.10	1464.5	200	136.8	275
63.20	1448.75	197	125.8	261
63.30	1452.75	199.5	136.2	273.8
63.40	1460.25	204.25	145.2	280.6
63.50	1451.5	214.25	138.8	274.8
63.60	1449.75	203.25	140.2	276
63.70	1460.25	205.5	141	276.2
63.80	1441.25	204	134.2	267.6
63.90	1440.25	196.5	128.2	265.2
64.00	1448	197.75	136.4	271.8
64.10	1432.5	197.5	129.2	261.8
64.20	1445.75	200	138.6	273.8
64.30	1438.5	196	138.2	275.8
64.40	1442	203.5	138.2	269
64.50	1439.75	197.5	139.2	273.2
64.60	1436	206.75	137.2	275.4
64.70	1438.25	203.5	140.2	275.4
64.80	1440.75	205.5	144.2	273
64.90	1436.5	201.25	138.6	278
65.00	1424.75	200.5	132.6	263.4
65.10	1438.5	200	139.2	276.2
65.20	1430.5	193.25	132.2	268.2
65.30	1426.5	198.75	130.4	267.8
65.40	1443	204.75	147.2	278
65.50	1423.5	200.75	130.6	263.8
65.60	1418	192.25	129.2	261.2
65.70	1424.5	192.5	133.8	264.8
65.80	1424	198	129.4	267.8
65.90	1439.75	195.5	147	278.2
66.00	1427	198.25	129.6	267.2
66.10	1423.5	197.75	131.4	263
66.20	1425	197.5	133.4	270.8
66.30	1423.75	199	136.6	269.2
66.40	1435.75	206.25	134.2	269.2
66.50	1424.25	197.5	133.4	265.8
66.60	1436	196.25	139.8	273.2
66.70	1421.75	191.25	126	262.8
66.80	1438.25	196.25	134.8	269
66.90	1431.5	195	132.8	266.6
67.00	1439.75	197.25	140	272.8
67.10	1437.5	199.25	132.4	271.2
67.20	1436.75	194.5	137	273
67.30	1429.5	191.5	131.4	266.2
67.40	1443.5	200.75	141.6	274.6
67.50	1441.5	197.75	137.6	276.6
67.60	1431.5	199.75	128.4	263.6
67.70	1434.5	199.75	130	271.4
67.80	1438.25	203.5	134	266.8
67.90	1435.5	203	135.6	269.4
68.00	1443.75	196.25	137.6	272
68.10	1434.5	199.5	129.4	265.4
68.20	1437.75	192.25	130.4	265.2
68.30	1449.75	197	137.6	271.6
68.40	1444.25	204.75	131.6	269.4
68.50	1443.5	187.75	136.2	268
68.60	1444.75	199.5	129.8	264.8
68.70	1462.75	206.5	141.4	279
68.80	1439.5	186.5	123.8	258.2
68.90	1454.25	196.5	127.2	267.8
69.00	1465	201.75	143.2	282.6
69.10	1456.75	194.5	130.6	264.8
69.20	1453	197	128.8	268
69.30	1461	202.75	141.2	278
69.40	1464.5	197.75	137.6	279.8
69.50	1467.25	206.75	142.6	279.4
69.60	1471.25	202.5	137.8	274.4
69.70	1465.25	205.5	134.4	272.4
69.80	1452.75	194	122	265.6
69.90	1482.25	202	140.4	280.8
70.00	1473.75	200	140	275.4
70.10	1481.75	196.25	134.6	272.4
70.20	1479	199.75	133.8	273.8
70.30	1491	204.25	139.6	278.8
70.40	1475.5	199.75	132	272.8
70.50	1492	194.25	142	285.6
70.60	1487.75	206.75	133.6	276.6
70.70	1480.75	198.25	133.6	275.4
70.80	1491.75	203	130	273.8
70.90	1504.75	202.75	144	282.2
71.00	1500.5	193	131.6	277.2
71.10	1510	203.75	146.2	290.6
71.20	1512.25	210.75	141	285.6
71.30	1504.5	203.5	134	281.8
71.40	1509.75	204.5	133.2	280.4
71.50	1510.75	202.75	132.6	278.4
71.60	1524	210	136.6	285.6
71.70	1517.25	202	133.4	275.8
71.80	1531.25	201	138.8	286
71.90	1531.25	201.5	137.2	287.2
72.00	1528	195.5	130.6	280
72.10	1537.25	209	134	281.4
72.20	1537	204.5	134	285
72.30	1537.75	197	130	280.6
72.40	1540.75	199.75	132.2	283
72.50	1552	210.5	134.2	284.6
72.60	1563	215.25	134.4	284.2
72.70	1567.5	205	133.8	285.8
72.80	1564	204.25	129.6	287
72.90	1597.5	208.5	148.6	306.2
73.00	1584.5	213	136.2	288.4
73.10	1592.75	210	136.4	297.6
73.20	1588.5	211.25	132.4	289.2
73.30	1615	215	143.6	302.2
73.40	1618	212.75	143	299.4
73.50	1612	205	124.8	288.4
73.60	1620.5	215.25	133	292.8
73.70	1627	206.75	140.4	304.8
73.80	1644.75	210.5	142.2	306.2
73.90	1651.5	218.75	136	304.4
74.00	1664	212	139.2	305.8
74.10	1669.75	212.25	143	310.8
74.20	1678.25	218.5	137.6	306
74.30	1683.75	212.25	140.4	304.8
74.40	1700.5	216.5	136.6	312
74.50	1712	220	135.2	309.2
74.60	1735.5	223.25	134.8	309.4
74.70	1729.75	218.25	134.8	308
74.80	1747	220.25	138.8	320
74.90	1757.5	222	135.6	312.4
75.00	1777.75	226.75	136.4	322.6
75.10	1786.75	230.25	134.6	321.8
75.20	1810.5	228.25	135.2	321.6
75.30	1835	231.5	140.8	332.8
75.40	1844.5	226.5	143.6	334.8
75.50	1868.5	233	140	335.6
75.60	1881.25	229.75	143.2	332.8
75.70	1915.5	237	145.2	345.4
75.80	1914.75	237.75	135	336.8
75.90	1966	253.25	148.4	354.2
76.00	1958	237	134.2	339.4
76.10	1987.25	240.5	144.8	354.6
76.20	2011.75	241.75	137.8	351.6
76.30	2042.25	250.5	142.4	358
76.40	2064.75	254.25	147.6	369.4
76.50	2093.5	260	149.8	374.2
76.60	2108.75	251.5	139.4	367
76.70	2138	255.5	140.4	372.4
76.80	2165.25	265.25	145	380.8
76.90	2184.75	256	142.4	381.8
77.00	2214.25	269.75	148	388.4
77.10	2241.75	266.75	153	399.8
77.20	2275.25	277	151.2	400.4
77.30	2292.5	269.75	141.4	394.6
77.40	2321.25	280	154	411.2
77.50	2360.75	285.5	157.6	416.2
77.60	2372	281	159.6	415.8
77.70	2401.5	284.5	154	423.2
77.80	2409	293.25	148.6	420.8
77.90	2442.25	297.25	154.2	426.8
78.00	2460	287.5	147.2	418.8
78.10	2492	297.5	159.2	432
78.20	2518.25	306.25	152.2	434.8
78.30	2538	297.5	154.2	435.6
78.40	2557.5	308.75	159.6	444.2
78.50	2566.75	299	152.2	439
78.60	2597.5	315.75	155.4	448.4
78.70	2611.25	305.75	153.6	446.4
78.80	2631	331.5	164.8	457.4
78.90	2643	310.25	157.2	455.4
79.00	2671.5	317.25	165.2	462.8
79.10	2684.25	316.75	160.2	468.4
79.20	2706	331.75	164.6	465
79.30	2711.25	331.5	160.4	465.2
79.40	2724.25	327.5	159.6	470.2
79.50	2730.5	340	164	468.8
79.60	2740.75	332.25	163.8	471.6
79.70	2758.25	329	156.2	466.6
79.80	2776	338.5	162.4	483
79.90	2783.25	349.25	165.2	476.2
80.00	2803.75	341	166.4	482.8
80.10	2798.25	342.25	162.6	475
80.20	2813	347.25	161.8	476.6
80.30	2829	349.75	167.8	489.4
80.40	2835.5	355.75	167.4	483.2
80.50	2832	348.75	161	482.6
80.60	2873	362.75	177.4	501
80.70	2973	415.75	186.2	508.6
80.80	3047	506	216	520.6
80.90	3249.75	603.75	266.4	575.8
81.00	3079.75	574	257.4	557.6
81.10	2504	349	179.4	452
81.20	1209.5	136	121	252.2
81.30	844	129.5	132.6	199.6
81.40	682	110.75	127.8	168.6
81.50	618.25	117	142.6	167.2
81.60	575.5	117.5	161.6	166.8
81.70	560	121.25	194.4	175.2
81.80	559.25	117.25	227.6	177.2
81.90	544.25	120.25	263	185.8
82.00	524.25	114.75	294	184.2
82.10	516.25	116	336.8	195
82.20	522.5	117.25	377.4	202.2
82.30	528	122	424.8	211
82.40	531.5	126.25	496.6	223.6
82.50	562	135.75	600.2	248.4
82.60	580.25	142	700.4	267.2
82.70	616.5	156.5	829.8	302
82.80	635.25	165.5	918.4	314.6
82.90	646.75	165.5	979.2	326.6
83.00	668.5	185.25	1043.2	348.6
83.10	680.75	192.75	1108.4	363.4
83.20	707.5	198.5	1189.6	378.4
83.30	747.25	220.75	1300.4	416.8
83.40	792.5	241.25	1400.4	449.2
83.50	838	264.25	1493.4	483.6
83.60	883	290.5	1555	515.8
83.70	926	300.25	1579	540.2
83.80	956.25	308.25	1578.4	561.8
83.90	979.25	303.75	1567.2	583.8
84.00	997.25	318.5	1540	599.4
84.10	1037	328.75	1539.2	621.2
84.20	1075.75	338.75	1553.6	655.6
84.30	1126.75	353	1557.8	689.4
84.40	1164.5	374.5	1548	725.4
84.50	1181	378.75	1505	744
84.60	1191.5	372.75	1452.8	755.6
84.70	1210.5	368.75	1412	768.8
84.80	1216	362.5	1371.8	777.6
84.90	1224.75	365.5	1324.8	791.2
85.00	1229.25	356.25	1293.6	797.2
85.10	1234.5	359.25	1256.4	810.2
85.20	1246.5	356.75	1236.2	823.8
85.30	1265.5	354.75	1216.6	845.4
85.40	1274.75	355.25	1183.6	854
85.50	1274	342.5	1140.6	857.8
85.60	1273	334	1116.4	863
85.70	1268.5	334	1080.8	868
85.80	1278.75	339	1062.2	869.4
85.90	1276	318.5	1028.6	865.2
86.00	1276.25	322	1012.4	881.6
86.10	1280.75	317.25	994.6	885.4
86.20	1276.75	309.75	965.6	877.6
86.30	1280.75	308.25	951.6	889.6
86.40	1299.75	305.75	946.6	904.6
86.50	1294.75	308.25	918.6	905.8
86.60	1281	298	895.8	897.4
86.70	1293	297.25	888.4	906.6
86.80	1293.5	285.25	867.2	911.2
86.90	1279.75	288	846.8	903.4
87.00	1297.25	292	847.4	914.8
87.10	1295.25	280.25	824.2	912.2
87.20	1297	280.75	811.8	917.6
87.30	1307	275.5	820.2	925.8
87.40	1299.75	268.25	795.2	920.2
87.50	1304	275	786.2	919.2
87.60	1313.25	273.5	776.2	926.4
87.70	1319.25	269.25	783.2	940.8
87.80	1316	271.5	766.6	930.8
87.90	1316.5	263	761.2	932.6
88.00	1319.25	260.25	741.8	934.4
88.10	1320.75	265.5	738.4	937.8
88.20	1320.5	255.5	730.8	938.2
88.30	1318.25	257.5	733	938
88.40	1320.5	252.25	718	944
88.50	1324	246.5	710	942
88.60	1322.75	242.75	702	939.2
88.70	1337.75	253.5	705	954
88.80	1332.25	246	688	946
88.90	1338	247.25	691.2	953.8
89.00	1339.5	244.5	690.4	961.2
89.10	1331.25	249.25	675.6	952
89.20	1336.5	247.75	670.6	951.2
89.30	1339.5	237.75	674	961.6
89.40	1336	231.25	650.8	953.2
89.50	1331	230.75	651.2	954.6
89.60	1331.75	229.5	639.8	947.8
89.70	1336	231.5	639.2	953.6
89.80	1337.5	228.75	632.2	952.6
89.90	1347.75	228.5	638.6	960.8
90.00	1340.25	229	618.8	950.6
90.10	1336.5	227.5	614	954.8
90.20	1344.25	228.25	616.8	959.4
90.30	1343.25	224.75	608	954.8
90.40	1343.5	221.25	609.2	960.2
90.50	1344	217.5	601	953.4
90.60	1339.75	218.25	588.4	956.4
90.70	1345.5	215.5	592.2	960.2
90.80	1345.75	225.25	585.4	961
90.90	1343	211	584	962.8
91.00	1344	211.5	574.4	962.8
91.10	1353.75	217.75	572	961.6
91.20	1348	206	564.6	959.8
91.30	1343.5	210.75	555.8	958.6
91.40	1346	209.75	561.8	964.8
91.50	1350.5	212.75	557	959.4
91.60	1352.75	213.75	555.6	964.4
91.70	1351.25	205	545.8	965.6
91.80	1344.25	201	532	956.8
91.90	1347.25	195.25	537.6	964.4
92.00	1355.75	202.5	542.8	969.4
92.10	1350.75	196.75	528.4	965.8
92.20	1354.75	196.25	521.6	963.8
92.30	1349.25	199	520	967
92.40	1348.25	195.25	519.4	965
92.50	1353.25	193.5	518	966
92.60	1349.75	188.25	510.2	963.6
92.70	1348.5	195.75	503.2	961.6
92.80	1353.75	191.25	503.4	971.6
92.90	1355	200.25	498.6	964.2
93.00	1360.25	190.25	501.6	968.4
93.10	1358.75	192	486	969.2
93.20	1351.75	189.5	485	967
93.30	1354.75	190	480	964
93.40	1357.5	185.25	486.8	965.4
93.50	1354	185	472.4	960.4
93.60	1354.5	187	472	970.6
93.70	1361.25	187.5	472.4	969
93.80	1358.75	181.25	462.2	965.4
93.90	1359.5	171.5	470.2	970
94.00	1355.5	174.5	455.6	967
94.10	1355.25	176.75	461	969.8
94.20	1358.5	183.75	457.4	973.8
94.30	1355.5	181	452.4	972
94.40	1356	177.75	448.2	970
94.50	1365.25	174.75	449.8	975
94.60	1361.75	171	445	975.4
94.70	1364.75	170	445.4	981.2
94.80	1360.5	174.75	434.8	971
94.90	1364	173.75	436.2	972
95.00	1360.75	166.75	425.8	968.6
95.10	1354	164	425.4	969.2
95.20	1360.25	164.5	425.6	972.8
95.30	1368.25	172.5	433.2	975
95.40	1363.5	170.5	420.8	976.8
95.50	1357.75	161.75	416.2	969.6
95.60	1359.5	171.75	417	974
95.70	1377	173.5	423.8	987.8
95.80	1364.5	165.75	402.8	973.2
95.90	1368.75	164.5	411	975
96.00	1363	163.25	404	972.6
96.10	1367.25	164	406.6	973
96.20	1368	160.75	406.2	976.8
96.30	1364	164.5	400.2	972
96.40	1368.5	158.5	399.8	976.4
96.50	1365.75	158.5	396.2	971.6
96.60	1378.75	157.5	399.2	985.4
96.70	1366.75	165.75	392	979
96.80	1367	163.75	395.6	979.6
96.90	1372	157.5	385.8	978.8
97.00	1375.25	162.75	384.6	980.8
97.10	1379.5	153.5	388	979.8
97.20	1363.5	160.25	377.8	977.4
97.30	1367.5	156	376.4	974.8
97.40	1367.25	152.25	375.6	977.4
97.50	1378	152.5	382	980.6
97.60	1367.5	159	378.4	980.8
97.70	1371	156	376	979.2
97.80	1374.75	156	371.6	982.4
97.90	1372.25	152	365	980
98.00	1377.5	157	364.6	982.4
98.10	1367	153.5	358.8	979.4
98.20	1373.75	157	359.8	984
98.30	1364.75	145.75	353	976.8
98.40	1372	150.25	361.4	982.8
98.50	1379	147.5	364	987.4
98.60	1368.25	149.75	352.8	972.4
98.70	1382	146.75	360	991.2
98.80	1374.5	150.75	350	984.8
98.90	1367	144	347.2	977.8
99.00	1380.5	149	346.2	981.2
99.10	1371	146.25	342	979.6
99.20	1381	143.75	345.2	981.8
99.30	1372.25	141	347.4	983.8
99.40	1366.75	137.75	339.6	980.4
99.50	1377.25	143.75	339.2	980.6
99.60	1376	139	336	979.4
99.70	1379.75	143	341.6	988.2
99.80	1385	144	343.8	988.4
99.90	1371.25	142.5	338.2	979.6
100.00	1378.25	133.25	330	981.4
100.10	1376.25	137.75	329.4	980.6
100.20	1373.75	133.75	322	977.4
100.30	1365.75	143.5	320	971.8
100.40	1365.75	126.5	316.2	970.6
100.50	1374.5	133.75	323.4	985
100.60	1375.25	145.25	321	983.2
100.70	1377.5	146.5	322.2	983.6
100.80	1378	133.75	324.6	989.2
100.90	1209.5	126	285.6	860.6
101.00	30.75	40.75	28.8	32.6
101.10	34	43.25	36.8	36
101.20	27.75	32.75	25.2	28
101.30	27.75	35.25	28.6	30
101.40	27.5	38	28	31.2
101.50	31.75	39.25	32.8	31.8
101.60	36.5	35.5	33.4	32.6
101.70	31.75	37.25	27.4	34.4
101.80	27.5	28.5	37	32
101.90	24	24.5	24.2	29
102.00	38.75	38.5	40.6	36.8
102.10	41	33.5	39	41.4
102.20	30.5	33	32.6	32.4
102.30	37.5	28.75	36.8	37.8
102.40	23.5	30.75	28.8	26.6
102.50	37.5	33.5	32.6	36
102.60	31.75	37	34.4	38
102.70	22.5	31.75	27.2	26.2
102.80	20.5	30	20.2	24.8
102.90	23.5	30	25.8	23
103.00	25.5	27.75	20.8	28.2
103.10	24.5	36.25	29.4	26.2
103.20	24.25	31	27.6	26.6
103.30	34.25	34.75	32.2	33.6
103.40	25.25	36.75	29	29.2
103.50	23.5	29	24.6	24.6
103.60	32.5	40.25	32.4	33
103.70	31	26.75	31.2	29.4
103.80	20	28.5	22.4	23.4
103.90	27.5	36	28.2	30.6
104.00	33.5	35.25	33.6	36.2
104.10	29.75	32.5	32.8	31
104.20	28	34.5	23.4	29.2
104.30	25.5	25.5	33.8	30.4
104.40	36.75	36.25	37.2	39
104.50	31.25	36	33	28.2
104.60	42.75	32	38	42.2
104.70	25.75	31.5	25.4	26.4
104.80	29.5	36	31.8	34.2
104.90	28.75	34.5	29.2	31.6
105.00	23.5	25	22	23.6
105.10	22.5	28.25	24.2	23
105.20	29.5	36.5	29.2	32.2
105.30	35	38.75	35.4	34.6
105.40	25	29.5	22	26
105.50	26.75	22.75	30.2	26
105.60	38.5	36.25	38	38.2
105.70	35.5	44.25	35	33.8
105.80	26.25	27.25	29.8	29.4
105.90	25	29.5	25.8	22.4
106.00	31.5	41.25	31.2	35
106.10	41.5	35.25	41.6	38.6
106.20	36.75	31.75	38	39.6
106.30	20.5	25.25	28	22.4
106.40	33.5	34.25	32.8	35.6
106.50	26.25	34.25	35	34
106.60	31.5	34.5	32.6	30
106.70	38.5	37.25	35.4	41.2
106.80	28.5	39.25	34.8	32.8
106.90	38.75	30.75	37.4	36.6
107.00	33.75	37.75	32.8	30.6
107.10	42	32.5	39.2	39.2
107.20	28.25	36.5	32.8	29.6
107.30	25.25	29.5	26.4	26.2
107.40	27.5	37.25	29	30.2
107.50	39	32.5	38.6	36
107.60	33	29.25	33.4	37
107.70	32.25	32.5	37.2	33.6
107.80	27.5	34	27.6	29.2
107.90	29.75	38.75	31.2	28.2
108.00	26.25	26.5	25.8	26.2
108.10	38	42.5	38.6	39.6
108.20	29.5	36.75	30.8	29.4
108.30	27	39	27.6	28
108.40	29.5	30.5	30.4	32
108.50	36.75	36.5	34.2	34.4
108.60	36	36	40	39.6
108.70	31.25	28.25	30.2	31.6
108.80	25	34	25	25.6
108.90	31.25	34.25	32.8	33
109.00	28.75	37.75	28.2	28.2
109.10	24	26	26.2	24.4
109.20	33.75	27.5	33.6	33.6
109.30	28.75	36.5	25.4	26.8
109.40	33	30.75	35.8	35.6
109.50	30	36.75	29.2	27.6
109.60	33.25	33.25	31.2	34.2
109.70	30.25	37.5	30.2	30
109.80	35	34.5	34.8	35
109.90	28	38.5	33	31.4
110.00	36.5	36.5	37.8	34.6
110.10	26	25.75	29.2	31
110.20	30.25	40.5	33.8	34
110.30	33	39.75	28.2	32
110.40	30.25	37.5	31.4	30.2
110.50	35.5	42.25	33.8	34.8
110.60	26.75	35	27.2	28.2
110.70	26.25	29.25	29.4	29
110.80	29	32	22.8	27.2
110.90	32.25	30.25	35	31.6
111.00	29.25	35	26.6	31.4
111.10	24.75	27.5	25	25.4
111.20	25.5	29.75	25.6	27.4
111.30	34	40.5	33	31.8
111.40	26.5	21.5	26.4	28.2
111.50	23	29.5	26.4	26.4
111.60	27.75	37	28.6	26.4
111.70	27	29.25	30.8	29.6
111.80	33.25	32	34.6	32.2
111.90	30.5	32.5	33	33.8
112.00	26.5	38.5	29.8	28.2
112.10	27.5	39.75	28.4	32
112.20	27.5	33.25	28.8	24.6
112.30	39.25	30	38.4	40.2
112.40	27.25	37.25	29.8	28.6
112.50	35	38.25	37.8	37
112.60	27.75	35.5	27.6	30
112.70	25.5	23	30.8	28.8
112.80	24.75	26.75	24.8	26.8
112.90	29.5	37.75	31	32.4
113.00	25	37	24.4	23.8
113.10	30.25	34.25	35.8	33.4
113.20	26.5	29	27.4	27.2
113.30	26.25	28.25	37.8	28.6
113.40	33.5	36.25	30.4	30.8
113.50	27	34	24.2	27.6
113.60	21.25	29	26	25
113.70	31	36	32.2	34.4
113.80	30.5	41.75	32.4	31.4
113.90	26.75	30.5	26.4	26.8
114.00	26	36	31.6	29
114.10	24	27.25	25.8	23.6
114.20	34.5	42	34.2	32.6
114.30	32.25	35.25	30	33.4
114.40	29.25	34.5	28.6	30.2
114.50	26.25	36	31.2	32.2
114.60	34.25	37.75	33.4	34.8
114.70	31.5	30.75	37.8	34.2
114.80	31.25	37.75	27	31
114.90	22.25	32.75	23.2	20.2
115.00	32.5	40.75	32.4	37.6
115.10	29.5	35.5	29.2	27.2
115.20	29.5	28	36.4	33.6
115.30	24.5	36.75	25.6	28
115.40	35.25	33.25	36.6	36.8
115.50	31.75	33.25	39	38
115.60	26.25	36	26.6	28
115.70	33.5	29.75	32.4	33.8
115.80	32	31	30	32.6
115.90	31.5	37.75	30.2	31
116.00	28.5	36.5	29.4	34.2
116.10	24.5	34	25.4	22.8
116.20	35.25	37.5	34.4	37.6
116.30	24	24	26.8	23.8
116.40	31	37.75	30	30.4
116.50	29.5	35	25.8	29.8
116.60	23.5	30	25.8	24.8
116.70	41.75	36.25	40.2	41.4
116.80	38	37	37.6	34.8
116.90	30	37.25	25	33.4
117.00	31.5	36.5	33.8	32
117.10	38.75	40	30.4	39.8
117.20	36	41.75	33.8	35.4
117.30	30.25	27	30	30.8
117.40	35.5	40.75	38.8	36.8
117.50	30.25	38.25	31.2	32.8
117.60	31	42.5	33.2	32
117.70	23.25	24.75	24.6	25.2
117.80	31	40.5	31.2	36.2
117.90	33.75	37	34.4	37.4
118.00	35.25	35.5	35.6	39.8
118.10	23.5	24.25	24.6	22.2
118.20	35.25	43	31.2	37.4
118.30	29.5	34.5	34.6	30.6
118.40	27	34.75	29	29.4
118.50	30	36.75	35.2	32.8
118.60	39.25	42	36.2	37
118.70	23.75	28.5	25	22.8
118.80	26	36	29.4	28
118.90	34.75	40.75	32.4	29.8
119.00	21.5	29.5	22.6	24.8
119.10	36	44.25	34.6	37.8
119.20	33	33.25	34.6	36.6
119.30	26.25	30.25	26.8	24.4
119.40	27	36.25	27	28.4
119.50	27.25	29.75	31.8	25.8
119.60	28.75	31	30.6	30.6
119.70	34	41.5	34.6	30.8
119.80	36.25	38.25	34.8	34.4
119.90	22.5	30.75	22.4	27.6
120.00	21.75	24	25.8	27.2
120.10	32.75	38	38.8	35.6
120.20	27.5	32	24.4	26.6
120.30	29.25	29	33.4	28.6
120.40	25.5	29.25	29.8	29.2
120.50	36.25	44.25	35.2	35.4
120.60	31.75	27.25	34.4	31.2
120.70	26	32.75	23.6	27.2
120.80	24.5	34.5	28.2	27.4
120.90	27.5	31.25	31	29
121.00	27.75	34.75	29.6	31.2
121.10	29.5	25.5	33	28
121.20	22	27.25	23.4	26.2
121.30	29.75	32.75	30.6	31.8
121.40	33.25	35.5	30.4	34.8
121.50	36.75	38.75	30.8	34
121.60	27	27.25	28.6	28.2
121.70	32	41	40.8	36.6
121.80	44	41.75	36.8	40
121.90	40.25	47.25	35	40
122.00	29.5	33.75	31.6	32
122.10	25.5	26.75	24	27.6
122.20	30.75	35.75	31	31.4
122.30	39.75	41.75	36.8	37.4
122.40	29	35.5	28	30.4
122.50	31.75	32	29.4	29.6
122.60	49.5	52.25	45	47
122.70	43.75	40	43	38.2
122.80	27.75	30.75	26.6	31.6
122.90	26.75	32	25.8	27.8
123.00	26.5	29	22.8	28.2
123.10	27.25	33.75	33.2	28.2
123.20	26.75	33.75	25.6	30.4
123.30	25.25	32	29.4	29.4
123.40	24.25	27	28.4	30.8
123.50	23.75	29.75	28.4	27.2
123.60	23.75	24	25.6	24.8
123.70	28.75	28.5	29.6	33.6
123.80	40	48.75	39.2	40.2
123.90	44.25	42.5	36.6	45.6
124.00	25	28.25	22.4	23.4
124.10	45	46.75	35.4	42
124.20	30.5	33	30.8	32.4
124.30	39.75	40.75	35.8	36
124.40	26.25	32	26	28
124.50	32	38.25	35.2	35.8
124.60	29.5	31.5	24.4	29.2
124.70	38.75	38.25	42.8	39.8
124.80	35	35.5	30.6	35
124.90	30.5	32	29.4	32.2
125.00	46.5	47	39	43.4
125.10	35.5	42	34.6	37
125.20	29.25	34	31.4	28.2
125.30	21.75	30.25	21.6	25
125.40	33	37.5	33.8	33.8
125.50	30.5	38.25	26	29.6
125.60	30	37.75	31.6	30
125.70	24.5	30.25	23.8	25.8
125.80	25.5	30.25	29.8	29.4
125.90	33.75	45	33.4	35.4
126.00	29.25	30	29	29
126.10	35.25	43	36	31.4
126.20	36.25	30.5	32.8	36.8
126.30	48.5	41	45	44.4
126.40	38.25	37.75	36.4	38.6
126.50	30.5	34.5	30.4	31.2
126.60	29.5	34.25	30.6	28.2
126.70	30.25	33.5	32.6	28.8
126.80	32.75	31.25	35.2	31
126.90	30.5	36.5	26.6	28.8
127.00	31	39.75	31.4	31.2
127.10	28.25	29	24.8	29.2
127.20	30.5	31.75	35.2	32
127.30	28.75	27.5	31.6	31
127.40	28.75	39	26.8	29.2
127.50	33	38.25	33.6	35.2
