"Run Time"	"F_7037AV"	"Av_Si_288"	"Av_SiF_440"	"Av_SIF_777"
0.10	2724.25	340.75	157.8	491
0.20	2748.75	338.5	155.8	489
0.30	2756	344.5	161.4	491.4
0.40	2785.75	353	156.2	494.4
0.50	2846	368.25	163.6	504
0.60	2880.5	369	162.8	512.6
0.70	2905.5	376.25	168	509.6
0.80	2917	378.5	172	515.8
0.90	2919	376.75	163.2	511
1.00	2922.25	376.75	165.2	509.8
1.10	2927.75	385.75	168.6	518
1.20	2944	393.25	182.6	523
1.30	2935	389.25	174	517.2
1.40	2936	386.75	167	513.8
1.50	2939.25	382.25	168.6	504.2
1.60	2953.25	395.75	179	522
1.70	2946	398.75	179.2	520.4
1.80	2934.5	390	171.4	514.6
1.90	2921.25	386.75	170.6	510.6
2.00	2921.75	386	172.8	517.8
2.10	2925.5	391.75	171.8	512.8
2.20	2903.25	379.25	165.2	501
2.30	2907.75	382.5	167.2	511
2.40	2911.5	387.75	170.4	508.8
2.50	2907.75	390	176.8	513.8
2.60	2917.5	395.5	178.4	517.4
2.70	2894.25	387	173.2	507.6
2.80	2898	380.75	172.4	507.8
2.90	2880.5	375	164.2	502
3.00	2897.25	392.75	182.6	515.4
3.10	2882	385.75	174.8	508.6
3.20	2878.75	383.75	173.2	505.4
3.30	2866.75	367.5	165.6	494.2
3.40	2860	382	174.2	507.8
3.50	2862	373.5	167	493.4
3.60	2853.25	374	170	493.2
3.70	2844.5	369.75	163.4	489.2
3.80	2843.5	367.75	163.6	495.2
3.90	2845.25	372.25	171.6	497
4.00	2826	372.75	162.6	489.4
4.10	2836.25	369.5	176.4	497.6
4.20	2836	378.5	170.6	499.6
4.30	2816.75	379.25	171.4	490
4.40	2816.75	374.25	169.6	497.4
4.50	2812.25	366	168.6	486.6
4.60	2817.75	360.75	173	493.8
4.70	2796	359.75	161	480.2
4.80	2814.5	377	171.6	493.4
4.90	2800.25	370.75	171.4	491.4
5.00	2804.25	354	159.8	479.2
5.10	2790.5	359.75	165.8	487.2
5.20	2784	366	167.4	483.8
5.30	2793.75	364.5	167.4	488
5.40	2776.75	357.5	164.4	479.8
5.50	2774.25	364.5	170	489.6
5.60	2773.5	360	165.8	483.4
5.70	2765.5	359	162.8	485.6
5.80	2766	362.75	168.8	484.6
5.90	2750.75	345.75	169	479.2
6.00	2744.25	349.75	159.4	477
6.10	2758.5	358.25	171.6	479.8
6.20	2749.25	360.5	169.8	482.6
6.30	2743	349.5	163.8	475.2
6.40	2734.75	348	161.4	472.2
6.50	2730.5	344.5	157.4	471.2
6.60	2739.25	358.5	171.8	480.8
6.70	2731.75	358	170.2	480.2
6.80	2728.25	355	166.2	475.8
6.90	2727	348	164	474.2
7.00	2721	356.75	167.2	480.6
7.10	2725.5	353.25	178.8	483.2
7.20	2704.5	342.75	157.4	465.2
7.30	2695.5	340	157.6	468.8
7.40	2690.25	345.5	160.8	464
7.50	2688	342.5	154.8	464.2
7.60	2678.25	341.5	162	466.4
7.70	2679	339.75	159.4	461.8
7.80	2692.75	352.25	167.4	479.6
7.90	2682.25	346	164.8	472
8.00	2674	343.25	164.8	465.4
8.10	2669.25	342	157.8	465.8
8.20	2672.5	336.75	161.4	465
8.30	2660.5	336.75	158.4	460.4
8.40	2661	344.5	161	462.6
8.50	2657	341.75	162.8	462.2
8.60	2656.25	334.5	170	468.8
8.70	2634.5	327.5	153.2	456.2
8.80	2634.75	328.5	167.2	463.6
8.90	2635.5	336.5	156.4	458.4
9.00	2630.75	331	154.8	459.8
9.10	2630.25	338	163.4	459.4
9.20	2622.75	329.5	162.6	454.2
9.30	2622.75	336.5	163.2	458.8
9.40	2613.75	335	163.4	457.4
9.50	2613.25	332	164	456
9.60	2599.5	328.75	162.2	456.4
9.70	2596	331.5	167	456.4
9.80	2597.5	334.75	161.4	456.6
9.90	2579	330.75	158.4	448
10.00	2584.25	322.75	161	453.4
10.10	2570	324.75	153.4	447
10.20	2569.75	326.25	160.4	448
10.30	2563	320	153.4	446.8
10.40	2559.5	320.5	166.4	450.2
10.50	2539.5	327.25	155.6	439.6
10.60	2539.75	330.5	157.8	440.2
10.70	2531.5	320	154.2	438.8
10.80	2536.25	319	160.2	439.4
10.90	2528	315.5	155.8	442.6
11.00	2517	316	153.6	436
11.10	2498.75	318	158.8	439.8
11.20	2509.25	318.5	160.2	440.2
11.30	2498	314	163.8	435.6
11.40	2484.25	321.5	153.4	432.4
11.50	2476.75	314	153.8	431.2
11.60	2483.25	316	154.8	433.6
11.70	2473.5	308.25	162.6	436.4
11.80	2450.25	306.5	152.8	424.8
11.90	2429.75	309.5	148.8	424.4
12.00	2440.5	307.5	158.2	425.4
12.10	2419.75	309	151.2	423
12.20	2409.75	307.5	155.6	426.2
12.30	2395.5	297.25	146.6	416
12.40	2397.75	298.25	159	420.6
12.50	2377.5	301	154.2	419.6
12.60	2367.25	291.5	148.4	404
12.70	2359.25	290.25	152.2	412.6
12.80	2339	293.5	152	412.2
12.90	2330.5	293.5	153.6	410.6
13.00	2323.75	293.25	159.8	415
13.10	2301.25	293.25	150	408.6
13.20	2288.75	286.25	148.4	405.8
13.30	2272.5	293	157.4	405.8
13.40	2260.5	292.5	154.6	400.2
13.50	2234.5	281	149.4	392.2
13.60	2226.75	280.5	151	393
13.70	2197	277.75	142	388.4
13.80	2188.5	275	156.6	389.4
13.90	2167.75	274.75	144.4	382.4
14.00	2159.25	279.25	154	388.2
14.10	2135.25	271.5	142.8	377.6
14.20	2122	266.25	146.6	373.8
14.30	2101	255.5	139	361.8
14.40	2093.5	270.25	147.2	375.2
14.50	2059.75	254.5	143.2	362.2
14.60	2040.75	258	139	364.4
14.70	2019	260.25	148.4	364.4
14.80	1999.25	253.75	139.4	354.6
14.90	1979.75	250.5	146	353
15.00	1962.5	247	140.6	349.6
15.10	1949.25	245.75	144.2	347.4
15.20	1916.25	242	136	338.8
15.30	1893.75	237.25	135	335
15.40	1879	240	139.2	341.6
15.50	1859.25	233.75	134.8	332.2
15.60	1853.5	239	142.4	334.2
15.70	1823.5	228	139.6	328.4
15.80	1821.75	242.5	144.4	333.6
15.90	1794.25	234.5	135.6	323.4
16.00	1766	226.75	133.8	319
16.10	1752	224	132.2	314.8
16.20	1740.5	221	132.6	314.6
16.30	1724.25	223	131.6	311.2
16.40	1710	223.75	130.4	309
16.50	1694.25	216.25	137.6	309.4
16.60	1672.5	216.5	130	303
16.70	1665.5	213.75	142.6	310.2
16.80	1640.5	211	130.2	298
16.90	1626.25	216.25	135.4	297.8
17.00	1624.5	216	135.2	299
17.10	1616.75	211.5	132	294.8
17.20	1601.75	206	135.4	291.6
17.30	1597.5	209.5	133	294.6
17.40	1585.5	211.75	135.2	291.2
17.50	1589.75	210	135.4	294.8
17.60	1568.5	203	127	288.2
17.70	1569.75	212.25	135.4	290.4
17.80	1561.75	211	145	295.8
17.90	1550.5	203.75	130.2	287
18.00	1550	214.5	138.8	295
18.10	1542.75	209.5	143	290
18.20	1530	206.25	133.4	283.2
18.30	1532.75	210.5	137.2	286.8
18.40	1519.5	207.5	130.4	286.6
18.50	1512.5	205.5	133.8	280.4
18.60	1499.75	209	133	282.6
18.70	1500	205.25	132	282.2
18.80	1488	198.25	126.6	273
18.90	1487	205	137	280
19.00	1478.25	200	130.8	276.4
19.10	1472.25	205.75	130.2	275
19.20	1481.25	209.5	134.4	282.6
19.30	1454.75	197.25	125.2	268.2
19.40	1470.5	212.25	142.4	285.8
19.50	1453	200.25	128.6	271.8
19.60	1450	207.5	132.8	271.2
19.70	1451.25	199	134	270.8
19.80	1437.25	199.25	133	262.8
19.90	1439	198	137.6	278.6
20.00	1432.75	202.5	133.2	266.4
20.10	1427.5	187.75	130.8	262.2
20.20	1429.5	197	126	266.4
20.30	1430	195.75	131	266
20.40	1415.75	191.5	128.6	266
20.50	1418.75	197.5	130	264.8
20.60	1418.25	189.5	133	270.8
20.70	1425.25	198.25	135	265.6
20.80	1419.75	196.75	134.6	269.8
20.90	1409.5	196	133.6	266.2
21.00	1412.75	190	127.2	259.8
21.10	1399.75	187.25	122.4	261.4
21.20	1398	181.25	136.2	262.4
21.30	1405.75	195	128.6	269.2
21.40	1403.25	195.5	128.8	258.8
21.50	1404.25	186.25	126	260.4
21.60	1403.75	192.25	133.6	265.8
21.70	1398.75	188.75	129.2	260.6
21.80	1392	188	129.4	260.6
21.90	1400.25	193.5	127	255.6
22.00	1390.25	190.5	125	260.8
22.10	1398	195.75	129.8	262.8
22.20	1389.25	189.75	126	256.4
22.30	1397	190	138.4	266
22.40	1389.75	185.5	123.4	253
22.50	1392	189.25	125.6	259.6
22.60	1383.75	179.75	129.6	258.2
22.70	1384.75	189	127.8	258.6
22.80	1389.5	185.75	132.4	257.2
22.90	1392.25	189.25	127.6	262.4
23.00	1387.75	190.5	129.6	260.4
23.10	1387.25	189.25	123.2	255.8
23.20	1396.25	191.25	122	255
23.30	1388.75	195.25	128.6	261.2
23.40	1395.75	194	128	266.4
23.50	1390.75	184.75	126.8	257.8
23.60	1389.25	188.25	123.6	258.4
23.70	1397.25	188.75	131.6	261.6
23.80	1393.25	194.25	126.4	259.4
23.90	1392.25	183.25	128	256
24.00	1395.5	192.75	124.4	258.2
24.10	1406.75	195.75	130.4	262
24.20	1395	190	125.6	258.2
24.30	1409	196.75	136	271.4
24.40	1391	184.75	126.2	256.6
24.50	1400	195	129.8	261
24.60	1407.25	193.25	132.8	268.2
24.70	1394	189	131.2	261
24.80	1403.25	192.5	131.4	262.2
24.90	1394.5	193	125.6	256
25.00	1403.25	187.75	134.6	261.8
25.10	1414.25	192	133.2	263.8
25.20	1402	190.5	122.8	260
25.30	1407.25	187.25	127	261
25.40	1408.5	196.25	130.2	262.4
25.50	1401.25	193.25	127.4	260
25.60	1394	181.25	121.6	253
25.70	1410	189	125.8	260.2
25.80	1414.25	195	128.6	265.2
25.90	1433.5	202.75	137.4	277
26.00	1413.75	191.25	131.2	263.6
26.10	1418.75	182.5	133.2	263.8
26.20	1424	195.5	133.6	271.2
26.30	1420.5	202.5	131.8	271.2
26.40	1416.75	188	124	262.4
26.50	1416.25	188.5	131.2	263
26.60	1425.5	183	133	267.4
26.70	1431.25	192.25	131.2	267.8
26.80	1429.75	198	132.6	265.2
26.90	1417.75	187.25	123.2	255
27.00	1437.25	192.5	133.8	267.6
27.10	1436.25	187.5	128.6	266.4
27.20	1429	197.5	128.6	265.4
27.30	1439.25	189.75	126.8	266.2
27.40	1432.25	191.25	128.6	268.6
27.50	1443.75	193.25	130.8	269
27.60	1437.75	193.5	124.8	263.4
27.70	1442.25	189	130.4	266.2
27.80	1449.75	195.5	130.6	269.2
27.90	1452.75	188.75	134.6	268.4
28.00	1450.5	189.5	128.4	266.8
28.10	1455.25	193.5	127.8	267
28.20	1456.25	194.75	126.8	272.8
28.30	1459.5	200	130.8	274.4
28.40	1464.5	199.25	133.8	276.8
28.50	1460.5	193	129.8	268.2
28.60	1458.25	192.25	128.8	270.4
28.70	1470.5	189.75	124.4	267.8
28.80	1472.25	194.75	135.2	277
28.90	1482.75	195.25	125.4	272.8
29.00	1471	198	127.8	272.4
29.10	1477.5	195.25	133.2	275.8
29.20	1485.5	196.75	134.8	276.8
29.30	1496.5	198	132.4	275.6
29.40	1501.75	202.25	135.2	283.4
29.50	1499	200	133.6	280.2
29.60	1498.75	196.25	135	277.4
29.70	1504.75	203.5	136.6	279.6
29.80	1505.25	194.25	126.6	276.8
29.90	1504.25	196.75	129	277.8
30.00	1499.75	188.25	124.4	272.2
30.10	1509.5	194.75	127	277.4
30.20	1512.75	192	126.4	271.6
30.30	1537.25	204.5	131.2	285.8
30.40	1521.75	197.75	131.8	278.2
30.50	1535.25	196.5	127.6	283.2
30.60	1541.5	201.75	141.4	287.2
30.70	1543.25	195.25	125.6	277.2
30.80	1562.5	211	144.6	297.4
30.90	1553.75	200.25	125.8	286.4
31.00	1558.75	194.5	124.8	280
31.10	1582	202.25	137.6	291.8
31.20	1581	197.75	131.8	288
31.30	1588.25	205	131.4	285.4
31.40	1104.75	204.5	116.4	210.2
31.50	35.5	38.25	35.6	34.2
31.60	32	35.25	28.2	29.8
31.70	36	38.5	38	35.8
31.80	36	39.25	36.4	34.4
31.90	37.75	44.25	34.2	36.6
32.00	30.25	33.25	26.6	29.2
32.10	30.5	35.5	29.4	29.8
32.20	28	30.75	27.2	28
32.30	33	37.25	30	34.8
32.40	36	42.25	34.8	35
32.50	34.75	36.25	30	31
32.60	42.25	50.25	36	41
32.70	29.5	30.25	25.2	32
32.80	32	37	31.4	33
32.90	37.25	42.5	35	39.4
33.00	25.5	30.25	28	25.2
33.10	37.5	37.75	31.4	34.8
33.20	32.5	36.75	33.8	31.8
33.30	21.75	30.5	28.8	26.2
33.40	44.5	48.75	37	39.4
33.50	30.25	34.75	32.8	31.2
33.60	40.5	39.75	33.4	37.2
33.70	36.25	43	31.8	38.6
33.80	37.25	40.5	32.6	38.2
33.90	22	30.75	24.2	24
34.00	29	31.5	27.4	29.2
34.10	27	28.5	19.6	27.8
34.20	35	46	36.8	38.2
34.30	36.5	39.25	32.4	35.6
34.40	30.5	33.5	33.2	31
34.50	33	31.75	31.4	28.4
34.60	29.75	34.25	26.6	30.2
34.70	19.25	27.75	21.6	24.2
34.80	34.25	41	31.8	34.2
34.90	30	34.5	34.4	32.2
35.00	28.25	32.5	24.4	29.4
35.10	25.25	30.25	33.4	29.6
35.20	44	46.25	38.8	40.2
35.30	43.25	46.25	39	39.4
35.40	40.5	46	33.2	39.8
35.50	30.75	32.5	29.6	32.6
35.60	26	31.5	30.4	29.6
35.70	29.5	33.25	26	27.8
35.80	41.25	44.25	35.4	40.8
35.90	34.25	39.75	32.4	35.2
36.00	30.5	35	28.8	29.4
36.10	37.75	42.5	33.8	38.4
36.20	42.25	46.75	40	43.6
36.30	33	35.5	34.2	33.2
36.40	37	37	32.6	34.2
36.50	40.75	41.75	34.2	40
36.60	25.75	25.5	33.8	30
36.70	43.75	43.5	38.6	41.2
36.80	29.5	27.75	32	28
36.90	25.5	31.25	25	27.4
37.00	27.75	37.25	26.4	28.6
37.10	21	24	24.8	23.6
37.20	26.75	34	27.4	26.4
37.30	33.5	38	34.4	32.2
37.40	41.5	38.75	36.4	41.2
37.50	21.5	28.75	26.6	23.4
37.60	23.75	26.75	26.4	25.2
37.70	31.75	37.5	30.6	28.6
37.80	28.5	35.5	30.8	30
37.90	34	33	30.8	35
38.00	27.75	38.5	33.4	33.4
38.10	20.25	27.25	24.8	24.4
38.20	47	49	44.4	40
38.30	26.25	25.5	28.6	30.8
38.40	31.25	31	33.6	33
38.50	27	31.25	24	27.8
38.60	27.75	33.75	25.6	27
38.70	27	41.25	28.4	28.4
38.80	34.5	41.25	28	34.6
38.90	29.75	33	35.8	33.6
39.00	20.75	30	22.2	21.8
39.10	32.25	37.75	32.4	29.2
39.20	27.5	32	26.2	28.6
39.30	32.5	38	33.2	34.2
39.40	26.75	31.75	30.2	30
39.50	31	40.25	29.8	33.4
39.60	37.75	43.75	34.8	35.6
39.70	30.75	31.5	29.6	33.8
39.80	35.75	36.5	40.4	37.8
39.90	33.5	33	31.8	32
40.00	33.75	36.75	32.4	33.6
40.10	36.25	41.25	33.6	34.6
40.20	32.75	31.75	32.6	30.4
40.30	28.25	35.5	27.6	28.6
40.40	28.5	38.75	27.8	31.2
40.50	37.25	41.75	36.8	33.6
40.60	29.25	30.5	28.8	31.2
40.70	29	35.25	29.8	30.6
40.80	37	41.5	31.8	33.6
40.90	36.25	42.5	35	37.2
41.00	35	37.75	30.4	32.8
41.10	35.5	42	32.2	38.6
41.20	25.75	32.25	25.8	32.8
41.30	38	39	33.6	36
41.40	33.75	37.25	34.2	35.2
41.50	26.25	32	28.6	28.4
41.60	30.5	29.75	37.4	34.2
41.70	41.25	43.25	36	41.8
41.80	33.5	37.75	32	29.6
41.90	28.75	38.5	29.4	30.4
42.00	25.75	24.25	23.8	24.6
42.10	30	31.75	33.6	34.2
42.20	29.75	35.25	33	33.2
42.30	38.75	46.25	38.4	38.2
42.40	37.75	42.75	33	32
42.50	32	37.25	31	32.4
42.60	25.75	30	25	27
42.70	41.5	44	41.8	40.2
42.80	32.75	42.25	31.2	29.8
42.90	29	32	25	26.8
43.00	33.25	38.75	31.2	36.6
43.10	33	37.5	31	32.6
43.20	29.5	38.25	30.6	28.2
43.30	21.5	31.75	23.8	24
43.40	28	40.25	31	30
43.50	24.5	27.5	28.2	28.2
43.60	36.5	37.75	41	39.6
43.70	34	41	32	32.6
43.80	32.5	28.75	30.6	30.2
43.90	27.25	34.5	26.8	29.2
44.00	32.5	38.5	31.6	34.4
44.10	32	36.75	31.2	31
44.20	21.5	29.75	23.2	24
44.30	30	37	30.2	26.8
44.40	34.25	34.25	35.6	35
44.50	41.25	38.75	35.8	36.4
44.60	32.75	46.25	29.8	33.4
44.70	40.75	44.5	33.8	35.6
44.80	29.75	35	25	31.4
44.90	25.75	30	28.4	28
45.00	37.25	39	33.4	35.4
45.10	33.75	36.75	32	32
45.20	33.75	40.5	31.8	31
45.30	29.5	38.25	28.8	31
45.40	31.5	33.75	34.2	34.4
45.50	30	38.25	27.2	28.6
45.60	31.25	38.25	29.6	32.8
45.70	27	28	27.6	27.8
45.80	28.75	31.25	31	30.4
45.90	34.25	38	36.2	34
46.00	22.5	30.5	21.6	23.4
46.10	41.25	42.75	33.8	37.8
46.20	45.25	46.5	40.2	43.2
46.30	35.5	37	31.4	36.6
46.40	34.25	36.5	32.4	35.6
46.50	33	34.25	28.6	28.2
46.60	28.75	26.75	29.2	31.6
46.70	32.25	41.75	31.8	31.8
46.80	33	42	32.4	38
46.90	18.75	27.5	23.8	21.6
47.00	27	31.25	27.8	25.4
47.10	34.75	37.25	29.8	32
47.20	35.25	40.25	37	36.6
47.30	30	41.5	31.6	32.2
47.40	24.25	28	28.4	25.6
47.50	33.25	33	28.8	32.6
47.60	22.5	32.5	25.4	26.4
47.70	38.25	47.5	37.8	40.2
47.80	22.25	28.75	23.4	22.4
47.90	29	35	25.6	28.2
48.00	29.25	35	26.6	30
48.10	17	29.25	23.4	21.6
48.20	34.25	43.25	33.2	34.2
48.30	27.75	33	31.8	28.4
48.40	24.5	25.75	25.2	25.6
48.50	36	45.75	31.2	34.6
48.60	31.5	35.5	35	37.4
48.70	25.75	33.25	27.6	26.4
48.80	37	38	34	34
48.90	31	33.5	33	31.6
49.00	30.75	36	35.6	28.8
49.10	27.25	30	28.6	29.6
49.20	34.5	33.5	36	31.8
49.30	30	36.25	28	30.8
49.40	28.25	34.25	27.6	28.4
49.50	24	31.75	30.2	30.8
49.60	27	41	30	28.8
49.70	38	39.5	37.4	35.8
49.80	23	33.25	25	27.4
49.90	26.75	39.75	32.8	32.8
50.00	28.25	35.25	26.2	26.8
50.10	32.75	40.5	32.6	27
50.20	29.75	35	26.8	27.2
50.30	27.5	44	29.4	27.6
50.40	28	35.5	29.4	32
50.50	39.25	39.75	35.6	37
50.60	31.25	34.5	29.8	29
50.70	25.75	34.25	26.4	28.8
50.80	28.5	37.5	32.8	31
50.90	30.5	42.25	29.2	32.2
51.00	25	32	26.8	21.6
51.10	29.25	30.5	29.2	34.8
51.20	25.25	27.25	27.2	28.6
51.30	29.5	33.75	27	30.2
51.40	24.5	34.5	20.8	26
51.50	23.75	31.5	27.8	26.6
51.60	24.75	35.5	24.4	25.8
51.70	26	35.5	28.2	30.6
51.80	45.25	46.25	38.2	41.4
51.90	33.5	34.5	34.2	32
52.00	33	29.5	30.8	33.8
52.10	33.5	37.75	32.8	35.4
52.20	27.5	38	31	34.4
52.30	27	31.25	25.6	25.4
52.40	35	38.75	33.8	34.4
52.50	36.25	41.5	31.6	34.8
52.60	43	37.5	41.2	41.4
52.70	31.75	40.75	30.2	32.6
52.80	32	37.5	36.8	35.2
52.90	26.25	29	27.8	25.4
53.00	31.25	41.5	29.6	33.2
53.10	23.5	34.5	26	31
53.20	30	38.75	28.8	28.2
53.30	31.5	35	37	33.8
53.40	33.75	43	31.2	33.2
53.50	30.25	40	29.4	29.4
53.60	28.75	34	26.6	28.4
53.70	29	35.5	29	32.2
53.80	35.25	44	35	35.4
53.90	36.25	41.5	36.8	33.4
54.00	37.25	42.25	33.4	35.2
54.10	31.75	35.75	36.2	33.2
54.20	29.75	34.25	29	28.6
54.30	38	32	34.4	39.2
54.40	30	33.75	26	31.6
54.50	27.5	39.75	27.4	29.6
54.60	25	34.5	26.8	26
54.70	33.5	37.25	38.4	42.4
54.80	29.25	31.75	29.4	28.6
54.90	29	30.75	26.2	26.8
55.00	31.75	42	33.8	33.8
55.10	31.75	36.25	30.4	34.2
55.20	27.75	38.75	31.8	26.8
55.30	25.5	28	22.4	23
55.40	36.5	37.75	31.2	39.6
55.50	26.25	36.5	28.2	28.2
55.60	29	29.75	30	30
55.70	26.25	35.5	29.6	27.2
55.80	25.75	25.75	27.4	27.8
55.90	30	47.25	34	32.4
56.00	22	29.25	23.4	26.4
56.10	32.75	40.5	37.4	37.2
56.20	28.25	33	28.4	26
56.30	25	28	21.2	25.2
56.40	23.5	29.5	27.6	28.2
56.50	29.75	39	28.8	30.2
56.60	28.5	30.5	35.4	27.6
56.70	35.75	34	34.6	35.4
56.80	35.75	37.5	36	35.4
56.90	35.75	42.5	38.4	39.6
57.00	31.25	39.25	32	31.8
57.10	41	44.25	35.8	38.4
57.20	37	35.25	31.6	35.2
57.30	26	33.25	28.2	28
57.40	37.25	35	32.4	37.4
57.50	43.25	43	37.8	39.6
57.60	42	43	36.4	40.6
57.70	29.75	37.5	32.4	30.2
57.80	36	41.25	30.8	36.2
57.90	31.25	37.75	30.6	31.6
58.00	35.25	35.75	35	34.4
58.10	29.5	29.75	32.6	31.8
58.20	34.5	38.5	31.4	33.4
58.30	32.25	36.5	28	32.4
58.40	40.25	43	35	36.4
58.50	29.75	38	28.6	31.2
58.60	28.75	34.25	29.2	30.6
58.70	26	28.25	27	25.2
58.80	31	40.75	28.8	32
58.90	35	39.25	34	39
59.00	31.25	38.25	35.6	32.4
59.10	36.25	33.5	33.6	32
59.20	23	31.5	24	24.2
59.30	27.5	39.25	30	31.2
59.40	35.25	33.5	37	36.4
59.50	31.5	36.75	33.8	29.6
59.60	26.5	31.5	25.2	29.4
59.70	39.5	44.75	34.8	38.4
59.80	24.5	27.5	24.4	23.8
59.90	28.25	37.75	28.6	28.4
60.00	33.75	42.75	35.2	33.8
60.10	24.75	25.75	26.6	26.6
60.20	31	41.25	32.2	34
60.30	30	36.75	30.4	32.6
60.40	21.5	32.25	31.2	25.6
60.50	24.75	30	24	25
60.60	28.5	38	29	32.2
60.70	27.25	34.5	27.2	29
60.80	34.75	35.75	34.6	35.4
60.90	35.5	42.5	32.6	36.8
61.00	24.5	33	25.8	27.2
61.10	31.75	41.5	33.2	32.6
61.20	30.75	35	29.8	30.8
61.30	29.25	33.75	30.2	30
61.40	27.75	29.5	30.4	31.4
61.50	28.5	33.5	28.4	28.8
61.60	34	35.75	28	32.2
61.70	39	44.25	38.8	40.6
61.80	31	33.75	35.6	30.4
61.90	21	27.75	21.6	21
62.00	33.5	33.25	35.4	35.4
62.10	35.25	39.25	33.8	39.4
62.20	36	37.75	39.6	37.6
62.30	30.75	35	31.4	31.4
62.40	31	35.25	30.2	30.6
62.50	28.25	28.25	30.6	32
62.60	38.5	36	41.2	40.4
62.70	29	36.75	26.4	28.8
62.80	23.75	32.25	24.6	24.2
62.90	30.25	33	30.4	28.6
63.00	23	28.25	24	25.2
63.10	23	29.75	28.8	28.8
63.20	36.5	40.5	33.4	36.2
63.30	28	36.25	31.2	24
63.40	32.75	29.5	29.2	33.4
63.50	30.75	34.25	33	34.6
63.60	24.75	35.5	24.4	26
63.70	24	35	28.2	27.6
63.80	25	29	29.6	26.2
63.90	24.25	31	22.4	25
64.00	27.25	30.5	32.6	34.2
64.10	29.25	37.25	29	28.2
64.20	32.75	30	40.8	35
64.30	29.75	38.5	29.4	34.8
64.40	33.25	45	30.8	32.8
64.50	28.25	31.5	27.4	28.2
64.60	26.5	37.75	27.6	28.4
64.70	31.25	44.25	35.6	32.4
64.80	31.25	34	30.2	29.8
64.90	35.25	37	34.8	35
65.00	31.75	40.5	33.8	32.4
65.10	35.75	35	36.4	38.4
65.20	29	42.5	28.6	27.2
65.30	41	40	38.4	42
65.40	26	37	27.2	26.2
65.50	30.75	37.75	33	31.6
65.60	31	37.5	32	32.8
65.70	28.75	34.25	28.4	31.6
65.80	25.5	34	30	30
65.90	24	26	26.4	23
66.00	26.25	26	32.8	26.8
66.10	28.25	39	27.4	30.2
66.20	31.75	37.25	32.2	32.2
66.30	26	33.25	24.2	28.2
66.40	33.75	36	33.4	31.8
66.50	27	35.75	29.8	34.4
66.60	29.75	40.75	34.6	34.2
66.70	39.25	45.25	35.4	37.8
66.80	26.25	32	26.2	27
66.90	31	41.25	37.8	36.4
67.00	34.75	35.25	35	34.4
67.10	28.5	36.25	31.4	27.8
67.20	28	36.25	25.8	28.6
67.30	32.5	43.25	30.6	35.2
67.40	26	30.5	34.8	34.8
67.50	30.25	37.25	35.4	31
67.60	32.25	33.5	34.4	30.8
67.70	27	38	25.8	28.4
67.80	39.25	34	42.4	42.4
67.90	35	37.5	35.8	41
68.00	36.25	37.75	36.2	32.4
68.10	32.5	37.75	32	36.4
68.20	30.5	34.75	33.4	31.6
68.30	30.25	35.75	30	31.8
68.40	29.25	35.75	29.6	27.8
68.50	33.5	38	37.2	32.4
68.60	30.25	39.75	28.8	33.4
68.70	26.5	27.75	28.4	28.4
68.80	26.25	36.5	24.2	28.6
68.90	27.75	34.25	26.8	27.2
69.00	30	35.75	30	36.8
69.10	29	37.5	30	27
69.20	31.25	38.25	29.8	29
69.30	44.75	43.75	37	41.6
69.40	39	38.25	37.2	41.6
69.50	37.25	37.5	38	38.2
69.60	33.75	37.75	32	29.8
69.70	28.75	41.75	27	28.2
69.80	23	32.75	28.4	27.6
69.90	30.5	39.25	33.2	37.2
70.00	32.75	36.5	32.8	29.4
70.10	32.25	38.75	29.8	31.4
70.20	28	35	28.8	26.6
70.30	31.25	39.25	31	31.8
70.40	24.5	29.25	25.4	25.6
70.50	35	37.5	35.4	33.4
70.60	35.5	35.25	34	38.6
70.70	27.5	36.25	28.6	29.8
70.80	37.75	39	40.4	41.2
70.90	35.5	36.5	39.4	34.6
71.00	31.5	33.5	30.8	30.8
71.10	28.25	40.25	31.4	28.8
71.20	27.5	31.75	25.8	29.4
71.30	27	34.5	28.2	30
71.40	28.25	36	26.4	27.8
71.50	20.5	33.75	24.8	26.4
71.60	26.25	40.75	29.8	27
71.70	24.5	32.75	26	27.4
71.80	27.75	31.25	30.6	29.2
71.90	28.75	29.75	28	29
72.00	32.75	45.25	34.6	35
72.10	29.5	35.75	28	30.4
72.20	25.5	33.5	30.6	31
72.30	35.25	33.25	34	33.8
72.40	22	26.5	22.8	26.2
72.50	25.25	37.5	28	28.8
72.60	37.25	31	39.6	40
72.70	32.75	40.25	35.4	32.8
72.80	39.75	37	35.8	38.2
72.90	24	37.25	31.2	27.6
73.00	25	34.5	24	26.4
73.10	24	35	29	26.4
73.20	26.75	29.75	26.2	24.6
73.30	28.5	33.25	30	34.4
73.40	27.25	34.75	31.4	28.6
73.50	32.75	35.75	31	34.4
73.60	31	42.75	33.2	29.8
73.70	33.25	37.25	34	34.2
73.80	32.25	34.75	38.2	35.6
73.90	33.75	34	30	29.4
74.00	27	37.75	30.4	28.8
74.10	31.75	38.75	32.4	27.8
74.20	23.25	31.25	21	26.4
74.30	23	34.75	27.8	25.6
74.40	31.75	40.5	31	32.8
74.50	38.25	32.75	40	39
74.60	25.5	32	25.2	28
74.70	25.25	29	28.8	28.2
74.80	30	41.25	32.6	34.8
74.90	34	36.75	36.6	35.4
75.00	34.5	41	30.2	33.6
75.10	27.25	37.25	25.4	31.4
75.20	35.75	32.25	38.8	38.6
75.30	29.75	35.25	29.8	30.2
75.40	35.5	37.25	37.2	36.8
75.50	27.75	36	27.2	29
75.60	23.5	35	28.8	27.2
75.70	30.25	40.5	32.4	28.2
75.80	29.75	34.75	31.2	32
75.90	28.25	42.25	31.6	29.4
76.00	31	37.75	31.6	35.8
76.10	32.5	39.5	32.4	30.4
76.20	41.5	33.25	44.2	44.2
76.30	37	36.75	40	37.2
76.40	30	32.5	28.2	31.2
76.50	19	31.75	23.4	24.4
76.60	24.25	31.75	22.2	22
76.70	26	36	28	28
76.80	30.25	40.5	30.8	32.6
76.90	33.5	35.25	30.8	29.4
77.00	25.5	29.75	26	27
77.10	24	30	24.2	25
77.20	32.25	35.25	33	35.2
77.30	34.25	36.5	32.8	40
77.40	31.75	44	34.4	33.8
77.50	39.5	33.5	37.4	40.8
77.60	30	43.75	31	35.6
77.70	28	39.25	31.6	31.6
77.80	30	37.25	31	28.2
77.90	27	34.5	29.8	30.8
78.00	27.25	34.75	29.2	25.6
78.10	25.5	34.5	29.4	24.6
78.20	30.5	38	30.4	32.6
78.30	32.5	29.75	35.4	34
78.40	36.25	31.25	38.2	41.6
78.50	29.25	35	32.8	30
78.60	25.75	33.25	28	30
78.70	31.75	31.25	30.8	31.6
78.80	33	38.75	33	29.6
78.90	34.75	34	33.8	37.8
79.00	43	39.75	45.2	44.6
79.10	31.5	36.25	32.6	34.2
79.20	36	37.25	37.2	39.2
79.30	27.75	34.75	25.8	30.8
79.40	22.75	27.75	29.6	23.8
79.50	28.5	27.25	29.6	32.8
79.60	34.75	40.25	36.2	34.8
79.70	29	37.25	29.6	27.4
79.80	29.5	38.25	29	35.2
79.90	21.5	33	27.8	26.2
80.00	28	33	28.4	27.6
80.10	30.25	33.75	36	36
80.20	36.5	36.25	36	39.2
80.30	29.25	41	30.8	31.8
80.40	25.75	33.25	27.8	29.4
80.50	28.5	36.5	28.2	27.6
80.60	31	35.75	33.8	30.4
80.70	22.5	28	23.4	25.8
80.80	29.5	38.75	32.4	31.6
80.90	26.75	36.75	27.2	29.8
81.00	29.25	33.5	32	31
81.10	29	34.5	28.4	28.6
81.20	28.5	27.25	28.8	32.8
81.30	30.75	33.5	35.2	37.2
81.40	41.5	41.75	45	46.8
81.50	36.25	39.75	36.6	35.6
81.60	30.25	42	30.6	31
81.70	32.5	39.5	33.8	32.2
81.80	27	35.75	26.6	30.4
81.90	35.25	38	38.2	36.6
82.00	28.75	39.75	27.8	27
82.10	29.5	32.5	30.2	30
82.20	29	30.5	31.8	32.2
82.30	28.5	34.5	33.2	33.2
82.40	34	36.75	32	31.6
82.50	27.75	36.25	28.6	32
82.60	35	34.5	32	32.4
82.70	25.75	37	27.8	29.6
82.80	34.5	37	37	40.8
82.90	42	34.75	42.8	43.2
83.00	33.5	44	33.6	34.6
83.10	28	35.75	29	29.2
83.20	31.75	39.5	31.8	38.8
83.30	27.5	36.25	27.6	30.6
83.40	33	41.75	35.6	35.8
83.50	41	34.5	39.4	45.6
83.60	29	42	31.4	33.8
83.70	32.5	42	35.4	31.6
83.80	22.75	30.5	24.8	24.6
83.90	33.5	35.75	34.6	38.2
84.00	36.25	33.25	33.6	38.2
84.10	38.5	42	42.2	44
84.20	29	41.25	30.6	31.4
84.30	37	36.75	38.6	35.4
84.40	40.25	37.25	38	40.6
84.50	33	39.75	34	37.2
84.60	34.5	40.25	36.4	38.8
84.70	40.75	41.5	40.6	45.4
84.80	27.5	35.25	28.8	28.2
84.90	34.5	36	31.2	37.8
85.00	22.75	38	29	26.2
85.10	31	30.75	32.6	31.6
85.20	27	35	31.8	31.2
85.30	33.5	38.5	33.8	34.2
85.40	38	40.5	37.8	40.6
85.50	25.25	31.5	31.6	30.8
85.60	34.75	36.5	33.2	37.4
85.70	33.25	37.25	32	33.2
85.80	27.5	34.5	27.6	29.8
85.90	26.75	38.75	30.6	29.6
86.00	29.25	33	32	36.4
86.10	29.75	42.25	31.6	32
86.20	37	37.75	33.8	30.8
86.30	28.5	36.5	29	31.6
86.40	25	36.75	32.4	29.6
86.50	29	38.75	26.2	26.8
86.60	21.25	34.75	27.6	23.6
86.70	29.75	37.25	27.6	31.2
86.80	29.75	41.5	33.2	33.4
86.90	33	37	35.6	38
87.00	32.5	33.5	35.8	33.8
87.10	32.5	37.5	31.4	29.6
87.20	32.5	40.25	31.2	35.2
87.30	33	34.25	37.2	35.6
87.40	27.75	34	28.6	30
87.50	27.75	43.5	34	28.6
87.60	30.5	29	29.8	30.4
87.70	28	38.25	29	30.2
87.80	40	36.5	40.6	40.2
87.90	27.75	42	28.6	28.4
88.00	38	41.75	38.4	42.6
88.10	26	33.5	26.2	32
88.20	31.75	36.75	37.4	33.8
88.30	40	41.25	36.8	41.8
88.40	39.75	37	43	42.6
88.50	28.25	33.25	29	29.6
88.60	26	33.5	29.4	29.4
88.70	27.5	29.5	27.4	27
88.80	23.25	39.5	24	24.8
88.90	30	36.25	30	28.6
89.00	24.25	32.5	23.8	26.4
89.10	32.5	31.75	38.8	35.2
89.20	31.75	34.5	29.4	31.6
89.30	26.5	35.5	31.4	28.2
89.40	37	44	35.2	37.6
89.50	38.25	35.5	37	39.2
89.60	22	28	24.4	25
89.70	38	45.5	32.8	38.8
89.80	23	35.25	28.2	26.4
89.90	32.75	31.75	33.4	34
90.00	24.5	32.5	28.6	26.8
90.10	31	32.5	30.2	35.2
90.20	28	43.5	32	30.2
90.30	35.25	39.25	36.4	37.2
90.40	27.75	29.5	28.4	31.8
90.50	31	29	33.2	33.8
90.60	36	42.75	35.6	38.2
90.70	30.5	43.75	34.2	33.6
90.80	26.5	27.75	28.4	27.4
90.90	27.75	35	30	31.2
91.00	30.5	29.25	34.8	36.2
91.10	29.25	38	32.6	31.4
91.20	31	43.25	30	32.8
91.30	32.5	38.25	30.6	32
91.40	27	37.5	26.6	29.4
91.50	24.25	31.5	26.4	26.6
91.60	33.25	46.5	36.8	36.4
91.70	33.5	43.25	33	32.8
91.80	32.5	43.5	34.2	32.6
91.90	27.5	39	26.8	30.2
92.00	34.5	36.5	32.2	33.4
92.10	27.25	38	29.6	28.4
92.20	31.5	32.25	35.8	34.6
92.30	33.25	36	28.2	30.8
92.40	36.5	39.25	37	37.2
92.50	26.25	33.5	26	30.4
92.60	23.25	29.25	27.2	25.4
92.70	36	38	31.4	31.8
92.80	37.75	42.75	35.2	39.2
92.90	34.75	39.25	32.6	33.4
93.00	23.25	27.75	26.6	27.2
93.10	29.75	37.25	32.6	30.2
93.20	29.25	33.75	29.8	32.2
93.30	25.25	33.75	28.8	29.6
93.40	35.25	44.25	35.6	37.4
93.50	28.5	36.25	29	30.4
93.60	28	26.25	25.8	26
93.70	27.25	30	33	32
93.80	26.25	39.75	28.2	29.2
93.90	31.5	41.75	32.2	36.4
94.00	30.75	34	30.4	29.2
94.10	29	31.5	25.4	28
94.20	25	28.25	26.2	25.2
94.30	29.75	35.75	32.4	35.2
94.40	31.25	40.5	34	31.4
94.50	26	34	25.2	23.2
94.60	29	35.75	27.2	29.6
94.70	26.75	29	30.8	30.6
94.80	27	32.25	26.4	28.4
94.90	28.75	36.5	32	25
95.00	39	40	33.2	36.8
95.10	32.75	34	35	34.8
95.20	21.5	30.25	25.6	25.8
95.30	33.5	38	32.2	31
